9 5 6 3 4 7 8 2 1 
7 3 4 2 1 8 9 5 6 
8 2 1 5 6 9 7 3 4 
6 9 5 4 7 3 1 8 2 
4 7 3 1 8 2 6 9 5 
1 8 2 6 9 5 4 7 3 
5 6 9 7 3 4 2 1 8 
3 4 7 8 2 1 5 6 9 
2 1 8 9 5 6 3 4 7 
------- 0 -------
6 7 5 9 1 3 8 2 4 
4 8 2 7 5 6 9 1 3 
3 9 1 8 2 4 7 5 6 
5 6 7 1 3 9 2 4 8 
2 4 8 5 6 7 1 3 9 
1 3 9 2 4 8 5 6 7 
7 5 6 3 9 1 4 8 2 
8 2 4 6 7 5 3 9 1 
9 1 3 4 8 2 6 7 5 
------- 0 -------
8 1 4 2 6 5 9 7 3 
9 7 3 8 1 4 2 6 5 
2 6 5 9 7 3 8 1 4 
1 4 8 6 5 2 7 3 9 
7 3 9 1 4 8 6 5 2 
6 5 2 7 3 9 1 4 8 
4 8 1 5 2 6 3 9 7 
3 9 7 4 8 1 5 2 6 
5 2 6 3 9 7 4 8 1 
------- 0 -------
